0.05001478935258936
0.04996539411802266
0.049280402438451505
0.04427433553434421
0.03944941680507182
0.04907877268628008
0.03863395477172537
0.034396735043164074
0.03852931631689245
0.03388828889658632
0.036895472615715984
0.0450440640179118
0.0390896586911883
0.039424792487389275
0.03598655820552056
0.0478208316430239
0.037786006961771694
0.03827481523768794
0.036275306350599584
0.04198365401462267
0.03231811400058409
0.030398528449208227
0.03250884833495245
0.03272016942134869
0.04996584653237226
0.039981702157708694
0.02732825951413916
0.031222660460551714
0.029299423735333913
0.027748158747011822
0.027560925047022768
0.029681016398417456
0.0257216183679756
0.025354314174425026
0.028954916959896798
0.026670820792228062
0.025485376903362555
0.025896977064804712
0.028766345034463264
0.028055094397095172
0.026068062483397398
0.026504353675410836
0.024315279026465738
0.030310604078652614
0.02891690013420922
0.024818461565039435
0.02499456215392156
0.027430467245628
0.02501590195851473
0.02696992358254079
0.026989405270189597
0.023723743941073974
0.02555716467367044
0.027421857737126666
0.024720692433022873
0.023412243937230525
0.026030167684218238
0.025012615852406314
0.025607365259158594
0.02499935256089525
0.02242168811509289
0.02569774084721817
0.030255345578431885
0.023139445142397637
0.022631534490755816
0.028396676253228746
0.023331223426296833
0.025357840048047676
0.023990742406522585
0.021691079447941707
0.02359339518959053
0.027214284085634404
0.022442347213997727
0.024259647220754358
0.02424301237599162
0.024546083295682575
0.02587475449977579
0.0237962786043021
0.027170312654598773
0.019760666030643876
0.022780741133411126
0.0324444794944705
0.02178008148671819
0.027254839078175615
0.024404559365102378
0.022491902411853636
0.02384097646179674
0.02644275070997514
0.022741546863449924
0.023719142946445403
0.02515241517368323
0.021302435504806833
0.022444732007440894
0.025304142630699168
0.023075331589900803
0.023457392962438723
0.022846549927527795
0.02180130070485001
0.021613608630215327
0.02516538602813673
0.021851540935715986
0.024958851573128674
0.022886951036720553
0.02766122881705353
0.02266012697704448
0.024162573341743498
0.023398603470926385
0.022818020809225993
0.024129287876227975
0.021845848520471924
0.024871318229901018
0.026843533033184812
0.022195608627800303
0.022464750489103385
0.021284223329700258
0.0489721018382899
0.03883720250604731
0.04207876668286673
0.039406645156579594
0.04174801222746159
0.0395472802685219
0.035941624319122546
0.039096806931928164
0.03500901786372155
0.03984720229280535
0.033483167410053874
0.03364823899251571
0.03067985630061746
0.0439772995034633
0.02832289486626598
0.02976344824160001
0.02898130503868925
0.028172725197008454
0.02897030907240917
0.026273452635703125
0.029859299729703515
0.029223155758910484
0.02847650219288997
0.025940504641810927
0.024553460386931042
0.025716215130356622
0.029043789458661286
0.024720342644594204
0.030605541196861256
0.024804485016702082
0.02434381016437253
0.02786609953526978
0.02630654630831568
0.028065795717232923
0.02542899935530731
0.025206056023907204
0.02419424984409198
0.02497110147118408
0.022890400549914657
0.02372212486668132
0.021981269474378333
0.021324694671177015
0.025612025759841266
0.024118773091723115
0.021847471285517315
0.023391219261120227
0.024227482531848
0.021472154242716944
0.020855537981419432
0.022252230451443387
0.023126968656699998
0.020953006090499455
0.022063775969345042
0.024246183530201186
0.027814437576732878
0.022732105674063047
0.02687556869062636
0.0232948714057024
0.027279292358787063
0.026195616362773733
0.02648262270527165
0.03181043869581573
0.024014134464981116
0.024144606770529365
0.024916982487633778
0.02325159368787563
0.02309070292401858
0.024613122922328916
0.021754135812670813
0.019127886586178762
0.021493656236611956
0.020304992017791304
0.028809786661974975
0.026552901215324314
0.024425216155532087
0.024394072765931005
0.022011325468370018
0.02349665442349541
0.024712313438811365
0.023718218269318983
0.024863305434982115
0.02326391395666656
0.02706283963577551
0.023622631509402955
0.023030617770916435
0.02429353978649109
0.02180218834297016
0.025923085132656357
0.022735252354616688
0.02306570036156525
0.021315025225757258
0.02390185930223422
0.02223920975527628
0.0212020988364979
0.019201541293483386
0.01967346250085235
0.020934610491645318
0.019839568002740376
0.022819345283497487
0.020309972575473987
